<?xml version="1.0" encoding="UTF-8" standalone="no" ?>
<SimMechanicsImportXML version="1.0" xmlns="urn:mathworks:simmechanics:import" xmlns:xsi="http://www.w3.org/2001/XMLSchema-instance">
<Created by="" on="01/20/14||15:37:56" using="SimMechanics Link Version 4.4" from="SolidWorks 22.0.0"/>
<ModelUnits mass="kilogram" length="meter"/>
<DataUnits mass="kilogram" length="meter"/>
<RootAssembly name="stewart_platform" uid="stewart_platform" version="1285">
<AssemblyFile name="stewart_platform.SLDASM" type="SolidWorks Assembly"/>
<InstanceTree>
<Instance name="ActuatorAssm2-2" uid="ActuatorAssm2-2" entityUid="ActuatorAssm2">
<Transform>
<Rotation>0.35088651647960239 0.39396537707630652 0.84951158568787821 -0.9364125498903294 0.14453007538993209 0.31975395809226798 0.0031920151473720402 -0.90769066260092379 0.41962777799663692</Rotation>
<Translation>0.0083998549050531886 0.1551190145876517 -0.072987502824041067</Translation>
</Transform>
<Instance name="CarrierAssm-1" uid="CarrierAssm-1" grounded="true" entityUid="CarrierAssm" rigid="true">
<Transform>
<Rotation>1 0 0 0 1 0 0 0 1</Rotation>
<Translation>0 0 0</Translation>
</Transform>
<VisualProperties>
<Ambient r="0" g="0.50196078431372548" b="0.75294117647058822" a="1"/>
<Diffuse r="0" g="0.50196078431372548" b="0.75294117647058822" a="1"/>
<Specular r="0" g="0.50196078431372548" b="0.75294117647058822" a="1"/>
<Emissive r="0" g="0" b="0" a="1"/>
<Shininess>0.3125</Shininess>
</VisualProperties>
<Instance name="Carrier_Block-1" uid="Carrier_Block-1" grounded="true" entityUid="Carrier_Block*:*Default">
<Transform>
<Rotation>1 0 0 0 1 0 0 0 1</Rotation>
<Translation>0 0 0</Translation>
</Transform>
</Instance>
<Instance name="HR_1_Motor-1" uid="HR_1_Motor-1" entityUid="HR_1_Motor*:*Default">
<Transform>
<Rotation>-1 3.673276960380889e-016 0 -5.4080004363576961e-016 -1 0 0 0 0.99999999999999978</Rotation>
<Translation>0.050133000000000025 0.04549700000000001 0.0037083999999999902</Translation>
</Transform>
</Instance>
<Instance name="Hexagon_Socket_Set_Screw_M3x3-1" uid="Hexagon_Socket_Set_Screw_M3x3-1" entityUid="Hexagon_Socket_Set_Screw_M3x3*:*Default">
<Transform>
<Rotation>1.9712096538393453e-014 0.83716910433120872 -0.54694413860400948 -1 2.7311051773879773e-014 5.762694928102551e-015 1.9761969838327786e-014 0.54694413860400948 0.83716910433120872</Rotation>
<Translation>0.0049999999999999212 -0.019500000000000003 0.019699999999999909</Translation>
</Transform>
</Instance>
<Instance name="Hexagon_Socket_Set_Screw_M3x3-2" uid="Hexagon_Socket_Set_Screw_M3x3-2" entityUid="Hexagon_Socket_Set_Screw_M3x3*:*Default">
<Transform>
<Rotation>1.9712096538393453e-014 1 -1.9784738083949982e-014 -1 1.9763270880934769e-014 1.9761969838327786e-014 1.9761969838327786e-014 1.9747875210085475e-014 1</Rotation>
<Translation>0.037499999999999908 -0.019500000000000003 0.019699999999999936</Translation>
</Transform>
</Instance>
<Instance name="Hexagon_Socket_Set_Screw_M3x3-3" uid="Hexagon_Socket_Set_Screw_M3x3-3" entityUid="Hexagon_Socket_Set_Screw_M3x3*:*Default">
<Transform>
<Rotation>1.9712096538393453e-014 1 -1.9784738083949982e-014 -1 1.9763270880934769e-014 1.9761969838327786e-014 1.9761969838327786e-014 1.9747875210085475e-014 1</Rotation>
<Translation>0.069999999999999923 -0.019500000000000003 0.019699999999999922</Translation>
</Transform>
</Instance>
<Instance name="Hexagon_Socket_Set_Screw_M3x3-4" uid="Hexagon_Socket_Set_Screw_M3x3-4" entityUid="Hexagon_Socket_Set_Screw_M3x3*:*Default">
<Transform>
<Rotation>0 0.13393739639068103 0.99098979502721696 0.99999999999999989 0 0 0 0.99098979502721707 -0.133937396390681</Rotation>
<Translation>0.11819000000000005 0.0059999999999999915 0.019699999999999936</Translation>
</Transform>
</Instance>
<Instance name="Hexagon_Socket_Set_Screw_M3x3-5" uid="Hexagon_Socket_Set_Screw_M3x3-5" entityUid="Hexagon_Socket_Set_Screw_M3x3*:*Default">
<Transform>
<Rotation>0 0.83716910433122238 -0.54694413860398872 -1 0 0 0 0.54694413860398872 0.83716910433122227</Rotation>
<Translation>0.11819000000000002 -0.0060000000000000053 0.019699999999999943</Translation>
</Transform>
</Instance>
<Instance name="Cylinder_Head_Cap_Screw_M3x8-1" uid="Cylinder_Head_Cap_Screw_M3x8-1" entityUid="Cylinder_Head_Cap_Screw_M3x8*:*Default">
<Transform>
<Rotation>1.6709723882346594e-015 1 7.0299668863960108e-016 -0.99999999999999989 1.7464328594396505e-015 -7.2164496600635175e-016 -6.6613381477509392e-016 -7.5005106292547197e-016 0.99999999999999989</Rotation>
<Translation>0.032950000000000049 0.010759999999999964 -0.0003499999999999788</Translation>
</Transform>
</Instance>
<Instance name="Cylinder_Head_Cap_Screw_M3x8-2" uid="Cylinder_Head_Cap_Screw_M3x8-2" entityUid="Cylinder_Head_Cap_Screw_M3x8*:*Default">
<Transform>
<Rotation>1.6709723882346594e-015 1 7.0299668863960108e-016 -0.99999999999999989 1.7464328594396505e-015 -7.2164496600635175e-016 -6.6613381477509392e-016 -7.5005106292547197e-016 0.99999999999999989</Rotation>
<Translation>0.058950000000000058 0.010759999999999992 -0.00034999999999998574</Translation>
</Transform>
</Instance>
<Instance name="Yoke-1" uid="Yoke-1" entityUid="Yoke*:*Default">
<Transform>
<Rotation>-2.5565487227208195e-016 -1.8735013540549517e-016 -0.99999999999999989 -3.3306690738754696e-016 -0.99999999999999989 1.4484941024406339e-016 -0.99999999999999989 3.8857805861880479e-016 2.1749095580059219e-016</Rotation>
<Translation>0.14744000000000004 0 0.019699999999999992</Translation>
</Transform>
<VisualProperties>
<Ambient r="0.75294117647058822" g="0.75294117647058822" b="0.75294117647058822" a="1"/>
<Diffuse r="0.75294117647058822" g="0.75294117647058822" b="0.75294117647058822" a="1"/>
<Specular r="0.75294117647058822" g="0.75294117647058822" b="0.75294117647058822" a="1"/>
<Emissive r="0" g="0" b="0" a="1"/>
<Shininess>0.3125</Shininess>
</VisualProperties>
</Instance>
<Instance name="HR_1_Motor-2" uid="HR_1_Motor-2" entityUid="HR_1_Motor*:*Default">
<Transform>
<Rotation>-1 5.7636187489329416e-016 -1.459336124165489e-016 5.126107871511465e-016 1 1.1102230246251565e-016 1.713039432527097e-016 1.1102230246251565e-016 -0.99999999999999989</Rotation>
<Translation>0.050132999999999969 -0.045497000000000044 0.01170839999999999</Translation>
</Transform>
</Instance>
<Instance name="RGH25-1" uid="RGH25-1" entityUid="RGH25*:*Default">
<Transform>
<Rotation>-9.77950359581925e-016 0 -1 1 0 -1.0460382560140147e-015 0 -0.99999999999999978 0</Rotation>
<Translation>0.064950000000000035 1.0000000000010001e-005 -0.0025999999999999773</Translation>
</Transform>
</Instance>
<Instance name="RenishawMount-1" uid="RenishawMount-1" entityUid="RenishawMount*:*Default">
<Transform>
<Rotation>-4.5059442288497564e-016 0 -1 1 0 -5.0567189324723927e-016 0 -1 0</Rotation>
<Translation>0.061950000000000033 0.016966980685686694 0.010548076960929135</Translation>
</Transform>
</Instance>
<Instance name="SV2075-1" uid="SV2075-1" entityUid="SV2075*:*Default">
<Transform>
<Rotation>0 0 0.99999999999999989 -0.99999999999999978 0 0 0 -1 0</Rotation>
<Translation>0 0.010805000000000009 0.019700000000000006</Translation>
</Transform>
</Instance>
<Instance name="SV2075-2" uid="SV2075-2" entityUid="SV2075*:*Default">
<Transform>
<Rotation>0 0 -1 1 0 0 0 -0.99999999999999978 0</Rotation>
<Translation>0.075000000000000039 -0.010805000000000092 0.019700000000000006</Translation>
</Transform>
</Instance>
<Instance name="ShaftStop-1" uid="ShaftStop-1" entityUid="ShaftStop*:*Default">
<Transform>
<Rotation>0 0 1 -0.99999999999999989 0 0 0 -1 0</Rotation>
<Translation>0.099990000000000023 0.00027829313128910349 0.023596103983996437</Translation>
</Transform>
</Instance>
<Instance name="Hexagon_Socket_Button_Head_Screw_M3x6-1" uid="Hexagon_Socket_Button_Head_Screw_M3x6-1" entityUid="Hexagon_Socket_Button_Head_Screw_M3x6*:*Default">
<Transform>
<Rotation>0 1.2980068408996459e-015 -1.0000000000000002 0 1 1.2589755626901677e-015 1 0 0</Rotation>
<Translation>0.026644600000000018 0.039497000000000004 0</Translation>
</Transform>
</Instance>
<Instance name="Hexagon_Socket_Button_Head_Screw_M3x6-2" uid="Hexagon_Socket_Button_Head_Screw_M3x6-2" entityUid="Hexagon_Socket_Button_Head_Screw_M3x6*:*Default">
<Transform>
<Rotation>0 -0.4748051500895189 0.88009094385095765 0 -0.88009094385095765 -0.4748051500895189 1 0 0</Rotation>
<Translation>0.026644599999999991 0.014503399999999944 0</Translation>
</Transform>
</Instance>
<Instance name="Hexagon_Socket_Button_Head_Screw_M3x6-3" uid="Hexagon_Socket_Button_Head_Screw_M3x6-3" entityUid="Hexagon_Socket_Button_Head_Screw_M3x6*:*Default">
<Transform>
<Rotation>0 -0.75545369263210926 -0.6552020438677757 0 0.65520204386777547 -0.75545369263210915 1 0 0</Rotation>
<Translation>0.026644599999999991 -0.014503400000000014 0</Translation>
</Transform>
</Instance>
<Instance name="Hexagon_Socket_Button_Head_Screw_M3x6-4" uid="Hexagon_Socket_Button_Head_Screw_M3x6-4" entityUid="Hexagon_Socket_Button_Head_Screw_M3x6*:*Default">
<Transform>
<Rotation>0 -0.64608943192100665 -0.76326171524581965 0 0.76326171524581965 -0.64608943192100665 1 0 0</Rotation>
<Translation>0.026644599999999963 -0.03949699999999999 -0.0002406820861876359</Translation>
</Transform>
</Instance>
<Instance name="Hexagon_Socket_Button_Head_Screw_M3x6-5" uid="Hexagon_Socket_Button_Head_Screw_M3x6-5" entityUid="Hexagon_Socket_Button_Head_Screw_M3x6*:*Default">
<Transform>
<Rotation>0 -0.21024917956193206 -0.97764783152909129 0 0.97764783152909129 -0.21024917956193212 0.99999999999999989 0 0</Rotation>
<Translation>0.048132999999999995 0.039497000000000004 0</Translation>
</Transform>
</Instance>
<Instance name="Hexagon_Socket_Button_Head_Screw_M3x6-6" uid="Hexagon_Socket_Button_Head_Screw_M3x6-6" entityUid="Hexagon_Socket_Button_Head_Screw_M3x6*:*Default">
<Transform>
<Rotation>0 -0.27446863115279002 -0.96159605371128343 0 0.96159605371128343 -0.27446863115279002 1 0 0</Rotation>
<Translation>0.048133000000000023 0.0145034 0</Translation>
</Transform>
</Instance>
<Instance name="Hexagon_Socket_Button_Head_Screw_M3x6-7" uid="Hexagon_Socket_Button_Head_Screw_M3x6-7" entityUid="Hexagon_Socket_Button_Head_Screw_M3x6*:*Default">
<Transform>
<Rotation>0 -0.1181817196342289 -0.99299198443104097 0 0.99299198443104086 -0.11818171963422895 1 -1.1102230246251565e-016 0</Rotation>
<Translation>0.048133000000000009 -0.0145034 0</Translation>
</Transform>
</Instance>
<Instance name="Hexagon_Socket_Button_Head_Screw_M3x6-8" uid="Hexagon_Socket_Button_Head_Screw_M3x6-8" entityUid="Hexagon_Socket_Button_Head_Screw_M3x6*:*Default">
<Transform>
<Rotation>0 -0.36564794605275053 -0.93075323235936436 0 0.93075323235936436 -0.36564794605275042 1 0 0</Rotation>
<Translation>0.048132999999999967 -0.039497000000000011 0</Translation>
</Transform>
</Instance>
<Instance name="Hexagon_Socket_Head_Cap_Screw_M3x5-1" uid="Hexagon_Socket_Head_Cap_Screw_M3x5-1" entityUid="Hexagon_Socket_Head_Cap_Screw_M3x5*:*Default">
<Transform>
<Rotation>0 0.29244825626524873 -0.95628134845735413 0 0.95628134845735402 0.29244825626524867 1 0 0</Rotation>
<Translation>0.040200000000000055 0.015260000000000024 -0.001499999999999984</Translation>
</Transform>
</Instance>
<Instance name="Hexagon_Socket_Head_Cap_Screw_M3x5-2" uid="Hexagon_Socket_Head_Cap_Screw_M3x5-2" entityUid="Hexagon_Socket_Head_Cap_Screw_M3x5*:*Default">
<Transform>
<Rotation>0 0.2729157867719848 -0.96203792717887626 0 0.96203792717887626 0.27291578677198469 1 0 0</Rotation>
<Translation>0.040200000000000041 0.023260000000000031 -0.0014999999999999979</Translation>
</Transform>
</Instance>
<Instance name="Recessed_Pan_Head_Screw_M2x8_48_Z-1" uid="Recessed_Pan_Head_Screw_M2x8_48_Z-1" entityUid="Recessed_Pan_Head_Screw_M2x8_48_Z*:*Default">
<Transform>
<Rotation>-2.0122792321330962e-016 0.41666666680067949 -0.90905934282488476 0 -0.90905934282488476 -0.4166666668006796 -1 0 1.1102230246251565e-016</Rotation>
<Translation>0.0075000000000000067 0.014304999999999998 0.020700000000000007</Translation>
</Transform>
</Instance>
<Instance name="Recessed_Pan_Head_Screw_M2x8_48_Z-2" uid="Recessed_Pan_Head_Screw_M2x8_48_Z-2" entityUid="Recessed_Pan_Head_Screw_M2x8_48_Z*:*Default">
<Transform>
<Rotation>0 0 1 0 1 0 -1 0 0</Rotation>
<Translation>0.022499999999999978 0.014305000000000012 0.020700000000000007</Translation>
</Transform>
</Instance>
<Instance name="Recessed_Pan_Head_Screw_M2x8_48_Z-3" uid="Recessed_Pan_Head_Screw_M2x8_48_Z-3" entityUid="Recessed_Pan_Head_Screw_M2x8_48_Z*:*Default">
<Transform>
<Rotation>0 0 1 0 1 0 -1 0 0</Rotation>
<Translation>0.037500000000000006 0.014305000000000012 0.020700000000000014</Translation>
</Transform>
</Instance>
<Instance name="Recessed_Pan_Head_Screw_M2x8_48_Z-4" uid="Recessed_Pan_Head_Screw_M2x8_48_Z-4" entityUid="Recessed_Pan_Head_Screw_M2x8_48_Z*:*Default">
<Transform>
<Rotation>0 0 1 0 1 0 -1 0 0</Rotation>
<Translation>0.052500000000000005 0.014305000000000012 0.020700000000000014</Translation>
</Transform>
</Instance>
<Instance name="Recessed_Pan_Head_Screw_M2x8_48_Z-5" uid="Recessed_Pan_Head_Screw_M2x8_48_Z-5" entityUid="Recessed_Pan_Head_Screw_M2x8_48_Z*:*Default">
<Transform>
<Rotation>0 0 1 0 1 0 -1 0 0</Rotation>
<Translation>0.067499999999999991 0.014304999999999998 0.020700000000000007</Translation>
</Transform>
</Instance>
<Instance name="Recessed_Pan_Head_Screw_M2x8_48_Z-6" uid="Recessed_Pan_Head_Screw_M2x8_48_Z-6" entityUid="Recessed_Pan_Head_Screw_M2x8_48_Z*:*Default">
<Transform>
<Rotation>0 -0.033081752792469069 0.99945264901954101 0 0.99945264901954101 0.03308175279246911 -0.99999999999999978 0 0</Rotation>
<Translation>0.0075000000000000067 -0.014305000000000095 0.020700000000000007</Translation>
</Transform>
</Instance>
<Instance name="Recessed_Pan_Head_Screw_M2x8_48_Z-7" uid="Recessed_Pan_Head_Screw_M2x8_48_Z-7" entityUid="Recessed_Pan_Head_Screw_M2x8_48_Z*:*Default">
<Transform>
<Rotation>0 -0.066399371752341202 0.99779312657027985 0 0.99779312657027974 0.06639937175234123 -0.99999999999999978 0 0</Rotation>
<Translation>0.022499999999999978 -0.014305000000000095 0.020700000000000014</Translation>
</Transform>
</Instance>
<Instance name="Recessed_Pan_Head_Screw_M2x8_48_Z-8" uid="Recessed_Pan_Head_Screw_M2x8_48_Z-8" entityUid="Recessed_Pan_Head_Screw_M2x8_48_Z*:*Default">
<Transform>
<Rotation>0 -0.98785258198277659 -0.15539393897434212 0 -0.15539393897434212 0.98785258198277659 -1 0 0</Rotation>
<Translation>0.037500000000000006 -0.014305000000000095 0.0207</Translation>
</Transform>
</Instance>
<Instance name="Recessed_Pan_Head_Screw_M2x8_48_Z-9" uid="Recessed_Pan_Head_Screw_M2x8_48_Z-9" entityUid="Recessed_Pan_Head_Screw_M2x8_48_Z*:*Default">
<Transform>
<Rotation>0 -0.88307233754681402 0.46923687691783805 -1.6653345369377348e-016 0.46923687691783805 0.8830723375468138 -1 0 -1.1102230246251565e-016</Rotation>
<Translation>0.052500000000000047 -0.014305000000000095 0.020700000000000007</Translation>
</Transform>
</Instance>
<Instance name="Recessed_Pan_Head_Screw_M2x8_48_Z-10" uid="Recessed_Pan_Head_Screw_M2x8_48_Z-10" entityUid="Recessed_Pan_Head_Screw_M2x8_48_Z*:*Default">
<Transform>
<Rotation>0 0 1 0 0.99999999999999989 0 -0.99999999999999978 0 0</Rotation>
<Translation>0.067500000000000046 -0.014305000000000095 0.020700000000000007</Translation>
</Transform>
</Instance>
</Instance>
<Instance name="DrivenAssm-1" uid="DrivenAssm-1" entityUid="DrivenAssm" rigid="true">
<Transform>
<Rotation>0 0 -1 0.99999999999999989 0 0 0 -0.99999999999999989 0</Rotation>
<Translation>0.047051446906256122 0 0.026700000000000581</Translation>
</Transform>
<VisualProperties>
<Ambient r="1" g="0.50196078431372548" b="0.50196078431372548" a="1"/>
<Diffuse r="1" g="0.50196078431372548" b="0.50196078431372548" a="1"/>
<Specular r="1" g="0.50196078431372548" b="0.50196078431372548" a="1"/>
<Emissive r="0" g="0" b="0" a="1"/>
<Shininess>0.3125</Shininess>
</VisualProperties>
<Instance name="CenterBlock-1" uid="CenterBlock-1" grounded="true" entityUid="CenterBlock*:*Default">
<Transform>
<Rotation>1 0 0 0 1 0 0 0 1</Rotation>
<Translation>0 0 0</Translation>
</Transform>
</Instance>
<Instance name="AI_F100128-1" uid="AI_F100128-1" entityUid="AI_F100128*:*Default">
<Transform>
<Rotation>0.99988711442588885 -0.0150252589019087 -2.8254308614972246e-015 0.0150252589019087 0.99988711442588885 -2.5090606675659544e-015 2.8275992658421956e-015 2.4743661980464182e-015 1.0000000000000002</Rotation>
<Translation>0.0051343307570676927 -0.0025284504812530251 0.043699999999999961</Translation>
</Transform>
</Instance>
<Instance name="Yoke-1" uid="Yoke-1" entityUid="Yoke*:*Default">
<Transform>
<Rotation>3.8857805861880479e-016 0.99999999999999989 2.929514270055833e-015 0.99999999999999989 -3.3306690738754696e-016 0 0 2.84147705365001e-015 -1</Rotation>
<Translation>0 0.0069999999999999438 0.081749999999999989</Translation>
</Transform>
</Instance>
<Instance name="CeramicStrip5010-1" uid="CeramicStrip5010-1" entityUid="CeramicStrip5010*:*Default">
<Transform>
<Rotation>0 -0.99999999999999989 0 0.99999999999999989 0 0 0 0 0.99999999999999989</Rotation>
<Translation>0.013611317135650752 0.021740259595118563 0</Translation>
</Transform>
</Instance>
<Instance name="CeramicStrip5010-2" uid="CeramicStrip5010-2" entityUid="CeramicStrip5010*:*Default">
<Transform>
<Rotation>0 -1.0000000000000002 0 0.99999999999999989 0 0 -1.1731067506293158e-016 0 1</Rotation>
<Translation>0.0051113171356507725 0.021740259595118563 0</Translation>
</Transform>
</Instance>
<Instance name="GratingStrip5010-1" uid="GratingStrip5010-1" entityUid="GratingStrip5010*:*Default">
<Transform>
<Rotation>1 0 0 0 1 0 0 0 1</Rotation>
<Translation>0.0084754852632874383 0.010772333526277121 -0.022500000000000006</Translation>
</Transform>
</Instance>
<Instance name="pin2-1" uid="pin2-1" entityUid="pin2*:*Default">
<Transform>
<Rotation>-6.4384261810879195e-015 0 -0.99999999999999989 6.4518702880267398e-015 0.99999999999999989 0 1 -6.390070764195066e-015 -6.3946244133195052e-015</Rotation>
<Translation>0 0.0069999999999999854 -0.037500000000000012</Translation>
</Transform>
</Instance>
<Instance name="SV2075-1" uid="SV2075-1" entityUid="SV2075*:*Default">
<Transform>
<Rotation>0.99999999999999989 0 0 0 -0.99999999999999989 0 0 0 -1</Rotation>
<Translation>0.010799999999998561 0.0069999999999999785 0.037500000000000006</Translation>
</Transform>
</Instance>
<Instance name="SV2075-2" uid="SV2075-2" entityUid="SV2075*:*Default">
<Transform>
<Rotation>-0.99999999999999989 0 0 0 -0.99999999999999989 0 0 0 1</Rotation>
<Translation>-0.010799999999998589 0.0069999999999999715 -0.037500000000000012</Translation>
</Transform>
</Instance>
<Instance name="Recessed_Pan_Head_Screw_M2x8_48_Z-1" uid="Recessed_Pan_Head_Screw_M2x8_48_Z-1" entityUid="Recessed_Pan_Head_Screw_M2x8_48_Z*:*Default">
<Transform>
<Rotation>0 0.99638580098685559 0.084943131516222181 -0.99999999999999989 0 0 0 -0.084943131516222223 0.9963858009868557</Rotation>
<Translation>-0.0072999999999986132 0.0079999999999999932 0.029999999999999971</Translation>
</Transform>
</Instance>
<Instance name="Recessed_Pan_Head_Screw_M2x8_48_Z-2" uid="Recessed_Pan_Head_Screw_M2x8_48_Z-2" entityUid="Recessed_Pan_Head_Screw_M2x8_48_Z*:*Default">
<Transform>
<Rotation>0 0.98578250550732238 0.16802634268383462 -0.99999999999999989 0 0 0 -0.16802634268383468 0.98578250550732249</Rotation>
<Translation>-0.0072999999999985993 0.0080000000000000002 0.014999999999999999</Translation>
</Transform>
</Instance>
<Instance name="Recessed_Pan_Head_Screw_M2x8_48_Z-3" uid="Recessed_Pan_Head_Screw_M2x8_48_Z-3" entityUid="Recessed_Pan_Head_Screw_M2x8_48_Z*:*Default">
<Transform>
<Rotation>1.1102230246251565e-016 0.8532694682870372 -0.52147024314830925 -1 1.6653345369377348e-016 0 0 0.52147024314830925 0.8532694682870372</Rotation>
<Translation>0.0072999999999985854 0.0080000000000000002 0.014999999999999999</Translation>
</Transform>
</Instance>
<Instance name="Recessed_Pan_Head_Screw_M2x8_48_Z-4" uid="Recessed_Pan_Head_Screw_M2x8_48_Z-4" entityUid="Recessed_Pan_Head_Screw_M2x8_48_Z*:*Default">
<Transform>
<Rotation>1.1102230246251565e-016 0.9830847111748563 0.18315144185686785 -1 1.0791317436516834e-016 0 0 -0.18315144185686785 0.9830847111748563</Rotation>
<Translation>0.0072999999999985854 0.0079999999999999932 0</Translation>
</Transform>
</Instance>
<Instance name="Recessed_Pan_Head_Screw_M2x8_48_Z-5" uid="Recessed_Pan_Head_Screw_M2x8_48_Z-5" entityUid="Recessed_Pan_Head_Screw_M2x8_48_Z*:*Default">
<Transform>
<Rotation>1.1102230246251565e-016 0.9830847111748563 0.18315144185686785 -1 1.0791317436516834e-016 0 0 -0.18315144185686785 0.9830847111748563</Rotation>
<Translation>0.0072999999999985854 0.0080000000000000002 -0.030000000000000013</Translation>
</Transform>
</Instance>
<Instance name="Recessed_Pan_Head_Screw_M2x8_48_Z-6" uid="Recessed_Pan_Head_Screw_M2x8_48_Z-6" entityUid="Recessed_Pan_Head_Screw_M2x8_48_Z*:*Default">
<Transform>
<Rotation>0 0.98308471117485619 0.18315144185686777 -0.99999999999999989 0 0 0 -0.1831514418568678 0.98308471117485607</Rotation>
<Translation>-0.0072999999999985854 0.0080000000000000002 0</Translation>
</Transform>
</Instance>
<Instance name="Recessed_Pan_Head_Screw_M2x8_48_Z-7" uid="Recessed_Pan_Head_Screw_M2x8_48_Z-7" entityUid="Recessed_Pan_Head_Screw_M2x8_48_Z*:*Default">
<Transform>
<Rotation>1.1102230246251565e-016 0.9830847111748563 0.18315144185686785 -1 1.0791317436516834e-016 0 0 -0.18315144185686785 0.9830847111748563</Rotation>
<Translation>0.0072999999999985854 0.0080000000000000002 0.030000000000000027</Translation>
</Transform>
</Instance>
<Instance name="Recessed_Pan_Head_Screw_M2x8_48_Z-8" uid="Recessed_Pan_Head_Screw_M2x8_48_Z-8" entityUid="Recessed_Pan_Head_Screw_M2x8_48_Z*:*Default">
<Transform>
<Rotation>0 0.98308471117485619 0.18315144185686777 -0.99999999999999989 0 0 0 -0.1831514418568678 0.98308471117485607</Rotation>
<Translation>-0.0072999999999985993 0.0080000000000000002 -0.015000000000000013</Translation>
</Transform>
</Instance>
<Instance name="Recessed_Pan_Head_Screw_M2x8_48_Z-9" uid="Recessed_Pan_Head_Screw_M2x8_48_Z-9" entityUid="Recessed_Pan_Head_Screw_M2x8_48_Z*:*Default">
<Transform>
<Rotation>0 0.98308471117485619 0.18315144185686777 -0.99999999999999989 0 0 0 -0.1831514418568678 0.98308471117485607</Rotation>
<Translation>-0.0072999999999986132 0.0080000000000000002 -0.030000000000000013</Translation>
</Transform>
</Instance>
<Instance name="Recessed_Pan_Head_Screw_M2x8_48_Z-10" uid="Recessed_Pan_Head_Screw_M2x8_48_Z-10" entityUid="Recessed_Pan_Head_Screw_M2x8_48_Z*:*Default">
<Transform>
<Rotation>1.1102230246251565e-016 0.99106127910170427 0.13340742507556869 -1 2.2204460492503131e-016 0 0 -0.13340742507556874 0.9910612791017045</Rotation>
<Translation>0.0072999999999985715 0.0080000000000000002 -0.015000000000000027</Translation>
</Transform>
</Instance>
</Instance>
<Instance name="Spider-1" uid="Spider-1" entityUid="Spider*:*Default">
<Transform>
<Rotation>-3.1615335349677309e-016 -0.013579291262638502 0.99990779717372147 1.3322676295501878e-015 0.99990779717372147 0.013579291262638496 -1 1.27675647831893e-015 -3.2612801348363973e-016</Rotation>
<Translation>-0.03269855309374356 0 0.019700000000000131</Translation>
</Transform>
</Instance>
<Instance name="Spider-2" uid="Spider-2" entityUid="Spider*:*Default">
<Transform>
<Rotation>3.0891088298456992e-015 -0.045312887674278546 0.99897284358015359 -4.9960036108132044e-016 -0.9989728435801537 -0.04531288767427849 0.99999999999999989 -3.3306690738754696e-016 -3.1329105976141136e-015</Rotation>
<Translation>0.14543999999999974 0 0.019700000000000124</Translation>
</Transform>
</Instance>
</Instance>
<Instance name="ActuatorAssm1-2" uid="ActuatorAssm1-2" entityUid="ActuatorAssm1">
<Transform>
<Rotation>0.17267889203290945 -0.98306586112847349 0.06134747696539565 -0.93641254989033329 -0.14453007538987842 0.31975395809228102 -0.30547264469043856 -0.11266130654101707 -0.94551250301320722</Rotation>
<Translation>0.0674089590569317 0.1551190145876524 0.029219263676139324</Translation>
</Transform>
<Instance name="CarrierAssm-1" uid="CarrierAssm-1" grounded="true" entityUid="CarrierAssm" rigid="true">
<Transform>
<Rotation>1 0 0 0 1 0 0 0 1</Rotation>
<Translation>0 0 0</Translation>
</Transform>
<VisualProperties>
<Ambient r="0" g="0.50196078431372548" b="0.75294117647058822" a="1"/>
<Diffuse r="0" g="0.50196078431372548" b="0.75294117647058822" a="1"/>
<Specular r="0" g="0.50196078431372548" b="0.75294117647058822" a="1"/>
<Emissive r="0" g="0" b="0" a="1"/>
<Shininess>0.3125</Shininess>
</VisualProperties>
<Instance name="Carrier_Block-1" uid="Carrier_Block-1" grounded="true" entityUid="Carrier_Block*:*Default">
<Transform>
<Rotation>1 0 0 0 1 0 0 0 1</Rotation>
<Translation>0 0 0</Translation>
</Transform>
</Instance>
<Instance name="HR_1_Motor-1" uid="HR_1_Motor-1" entityUid="HR_1_Motor*:*Default">
<Transform>
<Rotation>-1 3.677613769070831e-016 0 -4.9266146717741321e-016 -1 0 0 0 1.0000000000000002</Rotation>
<Translation>0.050133000000000011 0.04549700000000003 0.0037083999999999936</Translation>
</Transform>
</Instance>
<Instance name="Hexagon_Socket_Set_Screw_M3x3-1" uid="Hexagon_Socket_Set_Screw_M3x3-1" entityUid="Hexagon_Socket_Set_Screw_M3x3*:*Default">
<Transform>
<Rotation>1.9713397581000436e-014 0.83716910433120861 -0.54694413860400937 -1 2.733924198139448e-014 5.7176485768195562e-015 1.9761969838327786e-014 0.54694413860400948 0.83716910433120895</Rotation>
<Translation>0.0049999999999998934 -0.01949999999999999 0.019699999999999898</Translation>
</Transform>
</Instance>
<Instance name="Hexagon_Socket_Set_Screw_M3x3-2" uid="Hexagon_Socket_Set_Screw_M3x3-2" entityUid="Hexagon_Socket_Set_Screw_M3x3*:*Default">
<Transform>
<Rotation>1.9713397581000436e-014 1 -1.9817480989559044e-014 -1 1.9775847626135601e-014 1.9748092050519972e-014 1.9761969838327786e-014 1.9650947535865271e-014 1.0000000000000002</Rotation>
<Translation>0.037499999999999881 -0.01949999999999999 0.01969999999999994</Translation>
</Transform>
</Instance>
<Instance name="Hexagon_Socket_Set_Screw_M3x3-3" uid="Hexagon_Socket_Set_Screw_M3x3-3" entityUid="Hexagon_Socket_Set_Screw_M3x3*:*Default">
<Transform>
<Rotation>1.9713397581000436e-014 1 -1.9817480989559044e-014 -1 1.9775847626135601e-014 1.9748092050519972e-014 1.9761969838327786e-014 1.9650947535865271e-014 1.0000000000000002</Rotation>
<Translation>0.069999999999999923 -0.01949999999999999 0.019699999999999933</Translation>
</Transform>
</Instance>
<Instance name="Hexagon_Socket_Set_Screw_M3x3-4" uid="Hexagon_Socket_Set_Screw_M3x3-4" entityUid="Hexagon_Socket_Set_Screw_M3x3*:*Default">
<Transform>
<Rotation>0 0.13393739639068089 0.99098979502721707 1.0000000000000002 0 0 0 0.99098979502721707 -0.13393739639068089</Rotation>
<Translation>0.11819000000000007 0.0060000000000000192 0.019699999999999933</Translation>
</Transform>
</Instance>
<Instance name="Hexagon_Socket_Set_Screw_M3x3-5" uid="Hexagon_Socket_Set_Screw_M3x3-5" entityUid="Hexagon_Socket_Set_Screw_M3x3*:*Default">
<Transform>
<Rotation>0 0.83716910433122238 -0.54694413860398861 -1 0 0 0 0.54694413860398872 0.83716910433122227</Rotation>
<Translation>0.11819000000000003 -0.0059999999999999776 0.019699999999999954</Translation>
</Transform>
</Instance>
<Instance name="Cylinder_Head_Cap_Screw_M3x8-1" uid="Cylinder_Head_Cap_Screw_M3x8-1" entityUid="Cylinder_Head_Cap_Screw_M3x8*:*Default">
<Transform>
<Rotation>1.7139067942650854e-015 1 6.6613381477509392e-016 -1.0000000000000002 1.7486012637846216e-015 -7.0776717819853729e-016 -6.9388939039072284e-016 -7.2164496600635175e-016 1</Rotation>
<Translation>0.032950000000000035 0.010759999999999992 -0.00034999999999998574</Translation>
</Transform>
</Instance>
<Instance name="Cylinder_Head_Cap_Screw_M3x8-2" uid="Cylinder_Head_Cap_Screw_M3x8-2" entityUid="Cylinder_Head_Cap_Screw_M3x8*:*Default">
<Transform>
<Rotation>1.7139067942650854e-015 1 6.6613381477509392e-016 -1.0000000000000002 1.7486012637846216e-015 -7.0776717819853729e-016 -6.9388939039072284e-016 -7.2164496600635175e-016 1</Rotation>
<Translation>0.05895000000000003 0.01076000000000002 -0.00034999999999999268</Translation>
</Transform>
</Instance>
<Instance name="Yoke-1" uid="Yoke-1" entityUid="Yoke*:*Default">
<Transform>
<Rotation>-1.6653345369377348e-016 -1.8041124150158794e-016 -1 -4.0245584642661925e-016 -1 1.457167719820518e-016 -1 3.7470027081099033e-016 2.7755575615628914e-016</Rotation>
<Translation>0.14744000000000004 0 0.019699999999999981</Translation>
</Transform>
<VisualProperties>
<Ambient r="0.75294117647058822" g="0.75294117647058822" b="0.75294117647058822" a="1"/>
<Diffuse r="0.75294117647058822" g="0.75294117647058822" b="0.75294117647058822" a="1"/>
<Specular r="0.75294117647058822" g="0.75294117647058822" b="0.75294117647058822" a="1"/>
<Emissive r="0" g="0" b="0" a="1"/>
<Shininess>0.3125</Shininess>
</VisualProperties>
</Instance>
<Instance name="HR_1_Motor-2" uid="HR_1_Motor-2" entityUid="HR_1_Motor*:*Default">
<Transform>
<Rotation>-0.99999999999999989 5.6898930012039273e-016 -1.6653345369377348e-016 5.8286708792820718e-016 1 0 1.6653345369377348e-016 0 -1.0000000000000002</Rotation>
<Translation>0.050132999999999983 -0.045496999999999996 0.011708399999999994</Translation>
</Transform>
</Instance>
<Instance name="RGH25-1" uid="RGH25-1" entityUid="RGH25*:*Default">
<Transform>
<Rotation>-1.0477729794899915e-015 0 -1 1 0 -9.9920072216264089e-016 0 -1.0000000000000002 0</Rotation>
<Translation>0.064950000000000035 1.0000000000023879e-005 -0.0025999999999999843</Translation>
</Transform>
</Instance>
<Instance name="RenishawMount-1" uid="RenishawMount-1" entityUid="RenishawMount*:*Default">
<Transform>
<Rotation>-4.8572257327350599e-016 0 -1 1 0 -4.7184478546569153e-016 0 -1.0000000000000002 0</Rotation>
<Translation>0.061950000000000061 0.016966980685686722 0.010548076960929124</Translation>
</Transform>
</Instance>
<Instance name="SV2075-1" uid="SV2075-1" entityUid="SV2075*:*Default">
<Transform>
<Rotation>0 0 0.99999999999999989 -1 0 0 0 -1.0000000000000002 0</Rotation>
<Translation>0 0.010805000000000037 0.019699999999999995</Translation>
</Transform>
</Instance>
<Instance name="SV2075-2" uid="SV2075-2" entityUid="SV2075*:*Default">
<Transform>
<Rotation>0 0 -0.99999999999999989 1 0 0 0 -1 1.1102230246251565e-016</Rotation>
<Translation>0.075000000000000039 -0.010805000000000065 0.019699999999999988</Translation>
</Transform>
</Instance>
<Instance name="ShaftStop-1" uid="ShaftStop-1" entityUid="ShaftStop*:*Default">
<Transform>
<Rotation>0 1.1102230246251563e-016 1 -1 0 0 0 -1 1.1102230246251563e-016</Rotation>
<Translation>0.099990000000000037 0.00027829313128911737 0.023596103983996426</Translation>
</Transform>
</Instance>
<Instance name="Hexagon_Socket_Button_Head_Screw_M3x6-1" uid="Hexagon_Socket_Button_Head_Screw_M3x6-1" entityUid="Hexagon_Socket_Button_Head_Screw_M3x6*:*Default">
<Transform>
<Rotation>0 1.27675647831893e-015 -1 0 1 1.2698175844150228e-015 1.0000000000000002 0 0</Rotation>
<Translation>0.026644600000000004 0.039497000000000046 0</Translation>
</Transform>
</Instance>
<Instance name="Hexagon_Socket_Button_Head_Screw_M3x6-2" uid="Hexagon_Socket_Button_Head_Screw_M3x6-2" entityUid="Hexagon_Socket_Button_Head_Screw_M3x6*:*Default">
<Transform>
<Rotation>0 -0.47480515008951868 0.88009094385095776 0 -0.88009094385095787 -0.47480515008951873 1.0000000000000002 1.1102230246251565e-016 0</Rotation>
<Translation>0.026644599999999991 0.014503399999999986 0</Translation>
</Transform>
</Instance>
<Instance name="Hexagon_Socket_Button_Head_Screw_M3x6-3" uid="Hexagon_Socket_Button_Head_Screw_M3x6-3" entityUid="Hexagon_Socket_Button_Head_Screw_M3x6*:*Default">
<Transform>
<Rotation>0 -0.75545369263210915 -0.6552020438677757 0 0.6552020438677757 -0.75545369263210915 1 0 0</Rotation>
<Translation>0.026644599999999991 -0.014503399999999986 0</Translation>
</Transform>
</Instance>
<Instance name="Hexagon_Socket_Button_Head_Screw_M3x6-4" uid="Hexagon_Socket_Button_Head_Screw_M3x6-4" entityUid="Hexagon_Socket_Button_Head_Screw_M3x6*:*Default">
<Transform>
<Rotation>0 -0.64608943192100665 -0.76326171524581976 0 0.76326171524581976 -0.64608943192100665 1 0 0</Rotation>
<Translation>0.026644599999999963 -0.03949699999999999 -0.0002406820861876359</Translation>
</Transform>
</Instance>
<Instance name="Hexagon_Socket_Button_Head_Screw_M3x6-5" uid="Hexagon_Socket_Button_Head_Screw_M3x6-5" entityUid="Hexagon_Socket_Button_Head_Screw_M3x6*:*Default">
<Transform>
<Rotation>0 -0.21024917956193209 -0.9776478315290914 0 0.9776478315290914 -0.21024917956193206 1 0 1.1102230246251565e-016</Rotation>
<Translation>0.048133000000000009 0.039497000000000053 0</Translation>
</Transform>
</Instance>
<Instance name="Hexagon_Socket_Button_Head_Screw_M3x6-6" uid="Hexagon_Socket_Button_Head_Screw_M3x6-6" entityUid="Hexagon_Socket_Button_Head_Screw_M3x6*:*Default">
<Transform>
<Rotation>-1.1102230246251565e-016 -0.27446863115279008 -0.96159605371128365 0 0.96159605371128365 -0.27446863115279013 1 0 0</Rotation>
<Translation>0.048133000000000009 0.014503400000000014 0</Translation>
</Transform>
</Instance>
<Instance name="Hexagon_Socket_Button_Head_Screw_M3x6-7" uid="Hexagon_Socket_Button_Head_Screw_M3x6-7" entityUid="Hexagon_Socket_Button_Head_Screw_M3x6*:*Default">
<Transform>
<Rotation>0 -0.11818171963422891 -0.99299198443104086 0 0.99299198443104086 -0.11818171963422891 1 0 0</Rotation>
<Translation>0.048133000000000009 -0.0145034 0</Translation>
</Transform>
</Instance>
<Instance name="Hexagon_Socket_Button_Head_Screw_M3x6-8" uid="Hexagon_Socket_Button_Head_Screw_M3x6-8" entityUid="Hexagon_Socket_Button_Head_Screw_M3x6*:*Default">
<Transform>
<Rotation>0 -0.36564794605275047 -0.93075323235936447 0 0.93075323235936447 -0.36564794605275047 1 0 0</Rotation>
<Translation>0.048132999999999967 -0.03949699999999999 0</Translation>
</Transform>
</Instance>
<Instance name="Hexagon_Socket_Head_Cap_Screw_M3x5-1" uid="Hexagon_Socket_Head_Cap_Screw_M3x5-1" entityUid="Hexagon_Socket_Head_Cap_Screw_M3x5*:*Default">
<Transform>
<Rotation>0 0.29244825626524873 -0.95628134845735402 0 0.95628134845735402 0.29244825626524873 1 0 0</Rotation>
<Translation>0.040200000000000041 0.015260000000000051 -0.0015000000000000048</Translation>
</Transform>
</Instance>
<Instance name="Hexagon_Socket_Head_Cap_Screw_M3x5-2" uid="Hexagon_Socket_Head_Cap_Screw_M3x5-2" entityUid="Hexagon_Socket_Head_Cap_Screw_M3x5*:*Default">
<Transform>
<Rotation>0 0.27291578677198475 -0.96203792717887604 0 0.96203792717887604 0.27291578677198475 1 0 0</Rotation>
<Translation>0.040200000000000027 0.023260000000000058 -0.0014999999999999979</Translation>
</Transform>
</Instance>
<Instance name="Recessed_Pan_Head_Screw_M2x8_48_Z-1" uid="Recessed_Pan_Head_Screw_M2x8_48_Z-1" entityUid="Recessed_Pan_Head_Screw_M2x8_48_Z*:*Default">
<Transform>
<Rotation>-1.1102230246251563e-016 0.41666666680067954 -0.90905934282488476 0 -0.90905934282488476 -0.41666666680067954 -1 0 1.1249068449237837e-016</Rotation>
<Translation>0.0074999999999999789 0.014305000000000026 0.02070000000000001</Translation>
</Transform>
</Instance>
<Instance name="Recessed_Pan_Head_Screw_M2x8_48_Z-2" uid="Recessed_Pan_Head_Screw_M2x8_48_Z-2" entityUid="Recessed_Pan_Head_Screw_M2x8_48_Z*:*Default">
<Transform>
<Rotation>0 0 1 0 1 0 -1 0 0</Rotation>
<Translation>0.022499999999999992 0.014305000000000026 0.020700000000000003</Translation>
</Transform>
</Instance>
<Instance name="Recessed_Pan_Head_Screw_M2x8_48_Z-3" uid="Recessed_Pan_Head_Screw_M2x8_48_Z-3" entityUid="Recessed_Pan_Head_Screw_M2x8_48_Z*:*Default">
<Transform>
<Rotation>0 0 1 0 1 0 -1 0 0</Rotation>
<Translation>0.037499999999999992 0.014305000000000026 0.02070000000000001</Translation>
</Transform>
</Instance>
<Instance name="Recessed_Pan_Head_Screw_M2x8_48_Z-4" uid="Recessed_Pan_Head_Screw_M2x8_48_Z-4" entityUid="Recessed_Pan_Head_Screw_M2x8_48_Z*:*Default">
<Transform>
<Rotation>0 0 1 0 1 0 -1 0 0</Rotation>
<Translation>0.052499999999999991 0.014305000000000026 0.02070000000000001</Translation>
</Transform>
</Instance>
<Instance name="Recessed_Pan_Head_Screw_M2x8_48_Z-5" uid="Recessed_Pan_Head_Screw_M2x8_48_Z-5" entityUid="Recessed_Pan_Head_Screw_M2x8_48_Z*:*Default">
<Transform>
<Rotation>0 0 1 0 1 0 -1 0 0</Rotation>
<Translation>0.067499999999999977 0.01430500000000004 0.020700000000000017</Translation>
</Transform>
</Instance>
<Instance name="Recessed_Pan_Head_Screw_M2x8_48_Z-6" uid="Recessed_Pan_Head_Screw_M2x8_48_Z-6" entityUid="Recessed_Pan_Head_Screw_M2x8_48_Z*:*Default">
<Transform>
<Rotation>0 -0.033081752792469089 0.99945264901954112 0 0.99945264901954112 0.033081752792469089 -1 0 0</Rotation>
<Translation>0.0075000000000000067 -0.014305000000000082 0.02070000000000001</Translation>
</Transform>
</Instance>
<Instance name="Recessed_Pan_Head_Screw_M2x8_48_Z-7" uid="Recessed_Pan_Head_Screw_M2x8_48_Z-7" entityUid="Recessed_Pan_Head_Screw_M2x8_48_Z*:*Default">
<Transform>
<Rotation>0 -0.06639937175234123 0.99779312657027974 0 0.99779312657027974 0.06639937175234123 -1 0 0</Rotation>
<Translation>0.02250000000000002 -0.014305000000000068 0.020700000000000003</Translation>
</Transform>
</Instance>
<Instance name="Recessed_Pan_Head_Screw_M2x8_48_Z-8" uid="Recessed_Pan_Head_Screw_M2x8_48_Z-8" entityUid="Recessed_Pan_Head_Screw_M2x8_48_Z*:*Default">
<Transform>
<Rotation>0 -0.98785258198277659 -0.15539393897434206 0 -0.15539393897434212 0.98785258198277659 -1.0000000000000002 0 0</Rotation>
<Translation>0.037500000000000006 -0.014305000000000068 0.020700000000000003</Translation>
</Transform>
</Instance>
<Instance name="Recessed_Pan_Head_Screw_M2x8_48_Z-9" uid="Recessed_Pan_Head_Screw_M2x8_48_Z-9" entityUid="Recessed_Pan_Head_Screw_M2x8_48_Z*:*Default">
<Transform>
<Rotation>0 -0.88307233754681369 0.46923687691783783 -1.5265566588595902e-016 0.469236876917838 0.88307233754681369 -1 0 -1.3877787807814457e-016</Rotation>
<Translation>0.052500000000000033 -0.014305000000000082 0.020699999999999996</Translation>
</Transform>
</Instance>
<Instance name="Recessed_Pan_Head_Screw_M2x8_48_Z-10" uid="Recessed_Pan_Head_Screw_M2x8_48_Z-10" entityUid="Recessed_Pan_Head_Screw_M2x8_48_Z*:*Default">
<Transform>
<Rotation>0 0 1 0 1 0 -1 0 0</Rotation>
<Translation>0.067500000000000032 -0.014305000000000068 0.02070000000000001</Translation>
</Transform>
</Instance>
</Instance>
<Instance name="DrivenAssm-1" uid="DrivenAssm-1" entityUid="DrivenAssm" rigid="true">
<Transform>
<Rotation>0 1.1102230246251565e-016 -1 1 0 0 0 -1.0000000000000002 0</Rotation>
<Translation>0.047051446906257649 0 0.026699999999999321</Translation>
</Transform>
<VisualProperties>
<Ambient r="1" g="0.50196078431372548" b="0.50196078431372548" a="1"/>
<Diffuse r="1" g="0.50196078431372548" b="0.50196078431372548" a="1"/>
<Specular r="1" g="0.50196078431372548" b="0.50196078431372548" a="1"/>
<Emissive r="0" g="0" b="0" a="1"/>
<Shininess>0.3125</Shininess>
</VisualProperties>
<Instance name="CenterBlock-1" uid="CenterBlock-1" grounded="true" entityUid="CenterBlock*:*Default">
<Transform>
<Rotation>1 0 0 0 1 0 0 0 1</Rotation>
<Translation>0 0 0</Translation>
</Transform>
</Instance>
<Instance name="AI_F100128-1" uid="AI_F100128-1" entityUid="AI_F100128*:*Default">
<Transform>
<Rotation>0.99988711442588885 -0.015025258901908709 -2.7975191268341224e-015 0.015025258901908709 0.99988711442588885 -2.4848046019331112e-015 2.834538159746102e-015 2.442490654175344e-015 0.99999999999999989</Rotation>
<Translation>0.0051343307570677066 -0.0025284504812530251 0.043700000000000017</Translation>
</Transform>
</Instance>
<Instance name="Yoke-1" uid="Yoke-1" entityUid="Yoke*:*Default">
<Transform>
<Rotation>3.7470027081099023e-016 1 2.8935187579293134e-015 1 -3.7470027081099009e-016 0 0 2.8935187579293134e-015 -1</Rotation>
<Translation>0 0.0069999999999999507 0.081749999999999934</Translation>
</Transform>
</Instance>
<Instance name="CeramicStrip5010-1" uid="CeramicStrip5010-1" entityUid="CeramicStrip5010*:*Default">
<Transform>
