%% sm_cable_space_manipulator Parameters Initialization

% Copyright 2019 The MathWorks, Inc.

%% Simulation Parameters

LinkSpring_K = 600; % N/m
LinkSpring_D = 1000;  % N/(m/s)


%% Link Assemblies
LinkSolid.mass = 10;  % kg
LinkSolid.CoM = [-0.039370027559553267 0.00079762794009566925 42.723105558341985];  % in
LinkSolid.MoI = [10479.651222085493 10465.346944171919 147.01359310772546];  % kg*in^2
LinkSolid.PoI = [3.1251224773382824 2.9099031161643656 -0.00031207943693159203];  % kg*in^2
LinkSolid.color = [0.792156862745098 0.81960784313725488 0.93333333333333335];
LinkSolid.opacity = 1;

LinkPulley.mass = 3;  % kg
LinkPulley.CoM = [-7.5903612059002529e-06 -1.279324552745019e-07 -2.7532831610660695e-05];  % in
LinkPulley.MoI = [0.16164114282184702 0.31909120724081236 0.16159499832739502];  % kg*in^2
LinkPulley.PoI = [-5.0480839627259323e-08 -8.100663110611461e-07 -6.6515529252609113e-07];  % kg*in^2
LinkPulley.color = [0.90196078431372551 0.90196078431372551 0.90196078431372551];
LinkPulley.opacity = 1;

PulleyClampSolid.mass = 3.5;  % kg
PulleyClampSolid.CoM = [2.6999991454860388 0.13705482834942295 -0.49669663912350909];  % in
PulleyClampSolid.MoI = [0.0047308553412892087 0.035222385764589359 0.030708643793704027];  % kg*in^2
PulleyClampSolid.PoI = [-7.3199212413338873e-05 -1.1137066635024427e-09 2.2367885419062366e-10];  % kg*in^2
PulleyClampSolid.color = [0.792156862745098 0.81960784313725488 0.93333333333333335];
PulleyClampSolid.opacity = 1;

SlidingPulleyClamp.mass = 2;  % kg
SlidingPulleyClamp.CoM = [2.7000001797475845 0.1265114101698846 -16.438461496478478];  % in
SlidingPulleyClamp.MoI = [11.962038520515577 11.991524484974384 0.030417585497266138];  % kg*in^2
SlidingPulleyClamp.PoI = [-0.002135335373781507 -2.0099544210062457e-07 -1.8189820710933944e-10];  % kg*in^2
SlidingPulleyClamp.color = [0.792156862745098 0.81960784313725488 0.93333333333333335];
SlidingPulleyClamp.opacity = 1;

SpreaderPulley.mass = 2;  % kg
SpreaderPulley.CoM = [0 0 0.12499999999999999];  % in
SpreaderPulley.MoI = [0.010804061818868045 0.010792851479881896 0.021355793815815427];  % kg*in^2
SpreaderPulley.PoI = [0 0 0];  % kg*in^2
SpreaderPulley.color = [0.792156862745098 0.81960784313725488 0.93333333333333335];
SpreaderPulley.opacity = 1;

SinglePulleyClampSolid.mass = 1;  % kg
SinglePulleyClampSolid.CoM = [2.6999988567532567 0.15493721974446348 -0.60256065736827735];  % in
SinglePulleyClampSolid.MoI = [0.0043467002811144418 0.01027655502505778 0.0061933159315036091];  % kg*in^2
SinglePulleyClampSolid.PoI = [-0.00018725848320606426 2.0598884358790075e-10 1.8984579535820757e-10];  % kg*in^2
SinglePulleyClampSolid.color = [0.792156862745098 0.81960784313725488 0.93333333333333335];
SinglePulleyClampSolid.opacity = 1;

%% 360 Joint System
JointPlate1.mass = 2;  % kg
JointPlate1.CoM = [3.4999999999999987 3.5799671042905645 0.3017575738352391];  % in
JointPlate1.MoI = [2.291315571626618 2.0435857991226132 4.2639694725657469];  % kg*in^2
JointPlate1.PoI = [0.072243322289548259 0 0];  % kg*in^2
JointPlate1.color = [0.792156862745098 0.81960784313725488 0.93333333333333335];
JointPlate1.opacity = 1;

LeftInnerJointPlate.mass = 2;  % kg
LeftInnerJointPlate.CoM = [3.0000000000000009 3.0000000000000004 0.27039839104171709];  % in
LeftInnerJointPlate.MoI = [1.1682530966390425 1.0272834107646693 2.1748846548005676];  % kg*in^2
LeftInnerJointPlate.PoI = [0 0 0];  % kg*in^2
LeftInnerJointPlate.color = [0.792156862745098 0.81960784313725488 0.93333333333333335];
LeftInnerJointPlate.opacity = 1;

RightInnerJointPlate.mass = 2;  % kg
RightInnerJointPlate.CoM = [2.9999999999999982 3.2291623589692446 0.28124371993651393];  % in
RightInnerJointPlate.MoI = [1.3971665177095833 1.3248101211270495 2.6966341434740881];  % kg*in^2
RightInnerJointPlate.PoI = [-0.012651140507559507 0 0];  % kg*in^2
RightInnerJointPlate.color = [0.792156862745098 0.81960784313725488 0.93333333333333335];
RightInnerJointPlate.opacity = 1;

SpreaderSupportSolid.mass = 2;  % kg
SpreaderSupportSolid.CoM = [2.4999999999999978 4.4834415863367347 0.21687879694385048];  % in
SpreaderSupportSolid.MoI = [7.1852472731331165 13.999046393814933 20.979232784309332];  % kg*in^2
SpreaderSupportSolid.PoI = [0.0025438479791102058 0 0];  % kg*in^2
SpreaderSupportSolid.color = [0.792156862745098 0.81960784313725488 0.93333333333333335];
SpreaderSupportSolid.opacity = 1;

SpreaderSolid.mass = 5;  % kg
SpreaderSolid.CoM = [1.9805786262751639 4.5000000000000053 0.37500000000000011];  % in
SpreaderSolid.MoI = [828.66633411226826 53.946260774462168 882.44616904773943];  % kg*in^2
SpreaderSolid.PoI = [0 0 0];  % kg*in^2
SpreaderSolid.color = [0.792156862745098 0.81960784313725488 0.93333333333333335];
SpreaderSolid.opacity = 1;



%% RigidTransforms

smiData.RigidTransform(75).translation = [0.0 0.0 0.0];
smiData.RigidTransform(75).angle = 0.0;
smiData.RigidTransform(75).axis = [0.0 0.0 0.0];

smiData.RigidTransform(1).translation = [2.2899999999999978 0.12499999999999717 -2.1498636836303575];  % in
smiData.RigidTransform(1).angle = 2.0943951023931953;  % rad
smiData.RigidTransform(1).axis = [0.57735026918962584 0.57735026918962584 0.57735026918962584];

smiData.RigidTransform(2).translation = [1.5899999999999999 -30.630000000000003 0.37499999999998312];  % in
smiData.RigidTransform(2).angle = 2.0943951023931953;  % rad
smiData.RigidTransform(2).axis = [0.57735026918962584 0.57735026918962562 0.57735026918962595];

smiData.RigidTransform(3).translation = [-0.024999999999997684 0.56466517216736622 0.22821106431307853];  % in
smiData.RigidTransform(3).angle = 2.0943951023931953;  % rad
smiData.RigidTransform(3).axis = [-0.57735026918962584 -0.57735026918962584 0.57735026918962584];

smiData.RigidTransform(4).translation = [-1.4251729137104707e-14 -3.7470027081099033e-16 0.050000000000004263];  % in
smiData.RigidTransform(4).angle = 1.1556761126931182e-16;  % rad
smiData.RigidTransform(4).axis = [-0.35815479673470829 -0.93366222027878987 1.9322650512819415e-17];

smiData.RigidTransform(5).translation = [5.4249999999999954 0.56466517216736622 0.22821106431307853];  % in
smiData.RigidTransform(5).angle = 2.0943951023931953;  % rad
smiData.RigidTransform(5).axis = [0.57735026918962584 0.57735026918962584 0.57735026918962584];

smiData.RigidTransform(6).translation = [8.2121809352742048e-15 -1.1553258350005535e-14 0.050000000000004263];  % in
smiData.RigidTransform(6).angle = 1.5281328664646686e-16;  % rad
smiData.RigidTransform(6).axis = [-0.48176770200933322 0.87629896799017526 -3.2256786690891801e-17];

smiData.RigidTransform(7).translation = [4.0500000000000007 0.25008323019539841 -0.24809371513717082];  % in
smiData.RigidTransform(7).angle = 2.1454902064553742;  % rad
smiData.RigidTransform(7).axis = [-0.59342605745164545 -0.59342605745164545 -0.54377479591720024];

smiData.RigidTransform(8).translation = [-8.8817841970012523e-15 1.1809997424450103e-14 0.27187216588063784];  % in
smiData.RigidTransform(8).angle = 3.1415926535897922;  % rad
smiData.RigidTransform(8).axis = [1 -6.1472896285640772e-32 -1.5082422348007175e-16];

smiData.RigidTransform(9).translation = [1.3499999999999974 0.2500832301954159 -0.24809371513717082];  % in
smiData.RigidTransform(9).angle = 2.1454902064553751;  % rad
smiData.RigidTransform(9).axis = [-0.59342605745164567 -0.59342605745164578 -0.54377479591719979];

smiData.RigidTransform(10).translation = [-1.0475301182033547e-13 -4.6612177008811817e-13 -0.021872165880390499];  % in
smiData.RigidTransform(10).angle = 6.395910570267235e-16;  % rad
smiData.RigidTransform(10).axis = [-0.98945447343268755 -0.14484420942530979 4.5832056120211695e-17];

smiData.RigidTransform(11).translation = [6.9999999999999902 39.630000000000017 0.37500000000001771];  % in
smiData.RigidTransform(11).angle = 2.0943951023931953;  % rad
smiData.RigidTransform(11).axis = [-0.57735026918962584 -0.57735026918962584 0.57735026918962584];

